.Random.seed <-
c(403L, 348L, -1032057831L, -572825448L, 10664869L, 631638908L, 
287776050L, -25483721L, -2005156220L, 29335363L, 1360524673L, 
-254647330L, 960424207L, -153551370L, 1004639418L, 1243279173L, 
560741711L, 1119359693L, 1452171176L, 673858066L, -1101384467L, 
632829485L, -686574095L, 1535020991L, 506737159L, 510754460L, 
-1130844667L, -1908012389L, 456417061L, -1281967145L, 1825546592L, 
601052240L, 117275977L, -778010967L, 1572843173L, 1173662373L, 
-1716184655L, -475787758L, 1563730769L, 1846229224L, -1422899859L, 
-1549700601L, 520044936L, -1215510041L, 1666026365L, 459505159L, 
98084995L, 433729030L, 752715284L, 68979821L, -622128694L, 327155397L, 
131451614L, -1712722240L, -242996719L, -2081375026L, 1558629355L, 
560251248L, 347487279L, 1595944885L, -1844487432L, -1751893940L, 
2082424478L, 299184306L, -778744583L, 1237872783L, -76269345L, 
461946303L, 1113387005L, -179485812L, 249260671L, -1466018378L, 
-1754848703L, -1395485482L, -262005065L, -1373921957L, 1912992556L, 
-549713758L, -1694457575L, -20594084L, -710860375L, 130434575L, 
492161929L, 1697092853L, 865099186L, -1364759262L, 192292454L, 
-1156172783L, -678173706L, 577737686L, 255809629L, -1049005577L, 
457408578L, -1443893162L, -1614701686L, 1013070509L, -1611437745L, 
2061281508L, 107663809L, -1842298L, -1688590258L, -1727798094L, 
-1803141847L, -1536090826L, 1683707838L, -1140434397L, -1961060258L, 
401938551L, -924115328L, -538189650L, 925313332L, 1694683767L, 
-1355690718L, 1411727706L, 100700894L, -629178039L, 279175983L, 
-1062240073L, -1751052483L, 1266358214L, -71504779L, -1344284222L, 
70196612L, 1228430923L, 694234311L, -1105985641L, -1483584818L, 
180731389L, 668407354L, -429611288L, 303046274L, 1630091136L, 
-1651475859L, 1906711436L, 799020611L, -1036584679L, 770167250L, 
1919137193L, -1341622302L, -1107919901L, 1296828082L, 855995412L, 
-422324L, -967547466L, -902766504L, 1470549855L, -1043770710L, 
-1850538345L, 1418697074L, -1207832130L, 1519064301L, -26931475L, 
465317937L, 568662090L, 1906500019L, -1725062715L, 1023339143L, 
-866981149L, 1323658187L, -1927738840L, 1129735690L, -464795031L, 
-79730623L, 987648259L, 1661694645L, -1819460937L, -1773745480L, 
777792335L, -3688707L, 1681120918L, 1038022329L, 985537871L, 
1046503877L, -1904257715L, 1887466894L, -1747646315L, 67041478L, 
121039927L, 1161601831L, -1151426465L, -753607514L, 682084370L, 
93674002L, -705984545L, -88827947L, -1171817246L, -257968591L, 
698522689L, -287224987L, -3446268L, 527103754L, -581862940L, 
2010360847L, -354399824L, -196582293L, 817627872L, -374484747L, 
-980562083L, -393048724L, 39126013L, 146686955L, 1723992198L, 
-125954348L, -774463241L, -1147763049L, 1844600668L, -395640408L, 
-929673138L, -1773426399L, -111240363L, -814057889L, 1025529694L, 
-1240075076L, -1422737953L, -1104439197L, 1470951058L, -860006420L, 
-1672363140L, 624539924L, -1419152394L, -1702495057L, -418733129L, 
-361707281L, -577790342L, 1639148324L, -787537290L, -513654101L, 
-690370218L, -2130566337L, 174084934L, 564238894L, 2015099834L, 
-742469102L, 1316279821L, -643477871L, 851635316L, -528666271L, 
687525594L, -1308123829L, 1771764947L, -1639552723L, 1788525077L, 
1631051078L, 2106697898L, 1733867610L, -96926659L, -205984226L, 
519230802L, 81259926L, 145013410L, 1019252554L, -119623917L, 
384970336L, 139142290L, -243128685L, 1720080794L, -682409707L, 
-1519353380L, -1353280515L, 390173282L, 39822183L, 265091748L, 
-1079404934L, -1453251607L, -1316961332L, 1564854531L, 1965317801L, 
-1195914195L, -842016652L, -1425591909L, -1738045546L, 859200498L, 
340536994L, 761430691L, 46539356L, -195873081L, 1472757593L, 
1153582776L, 1528327654L, -1405999843L, 1368741933L, -589323185L, 
-1886483275L, 1417190286L, 1176432756L, 10742361L, 862776752L, 
-1764871992L, 187964887L, -547000739L, 416275496L, 1003454485L, 
237551790L, -1390200276L, -1454597539L, 1528097949L, 1238476084L, 
-1936914053L, -194934641L, 1135888854L, 568541265L, -773435094L, 
-1242256837L, -1566374761L, -447626152L, 318383432L, 1341121954L, 
-3409896L, 1321366703L, -2143256152L, 1941058902L, 167623016L, 
1718085770L, -1746234493L, -1158991633L, 1825920780L, 822802294L, 
1412155064L, 2008789757L, -757077591L, -410974317L, 1810615838L, 
2003453804L, -626794484L, -1528760286L, 516393186L, -1550410207L, 
-553562441L, 2128560588L, -1143117854L, -1236298412L, -1983644837L, 
45762409L, 549795925L, 1701985196L, -1421456624L, 410609281L, 
-638052237L, -1551093262L, -947865429L, -2023843719L, 2078860596L, 
-1429919346L, -808831071L, -2057539947L, -1684557945L, 1637462260L, 
-958589100L, -1598416343L, 2101532621L, 411236350L, -1540757243L, 
-487888041L, 1919619093L, 1789503218L, 569602195L, 329013302L, 
-1913465418L, -1928680640L, 476505607L, -1519842063L, 1343799812L, 
649178889L, 1617166231L, 1798264370L, 940949574L, -717489527L, 
-439001166L, 1746160087L, -288726483L, -774877210L, -1359857708L, 
-1477733245L, -336873685L, 1288276107L, -1854814654L, 1971713704L, 
-839661181L, 312008568L, 1294248206L, 1184254034L, -2017823930L, 
1152532553L, 604793132L, -479556012L, -2103606509L, -1223783141L, 
1214197833L, 633129614L, -891899782L, 927364188L, -1654210592L, 
61800946L, -1117507350L, 686531165L, -1943623541L, 1087670137L, 
-488503135L, -1414256935L, 122559401L, 1288817196L, 961071618L, 
1095124589L, 1729271607L, 84740708L, 1727328441L, -833459141L, 
-1090050305L, 1125214830L, -1847959461L, 228018913L, 1642466535L, 
2079410337L, 1213848467L, 1171607066L, 1204698376L, -231065142L, 
620360438L, 811243592L, -229445816L, -1054498405L, -2061134561L, 
1492085702L, -1166593355L, -1293712885L, 314860458L, -926436029L, 
756528699L, -1137004241L, -1326978360L, -1967981354L, -1592314662L, 
-774575025L, -1970813028L, 171845184L, 1765352875L, -2017495820L, 
962098666L, -1605629196L, -264366365L, 1866130629L, 1473374562L, 
434737745L, -1040438105L, 1956045028L, 1376476471L, 96943448L, 
-1610507345L, -397033400L, 454108866L, -978932927L, 1634295405L, 
-672275559L, -1416525579L, -1933736711L, 1320463810L, 861268757L, 
1344368915L, 128707642L, -118934972L, 1317267427L, -1102340974L, 
-378184393L, 2110164460L, 1701260563L, 1646705484L, 582798721L, 
873178891L, -162498795L, 2034720853L, -2100129223L, 1730106479L, 
-1086927318L, -578193600L, -81555050L, -896489260L, -1495696696L, 
1901511694L, -1927063173L, -1957869490L, -1720060852L, 811850328L, 
-267176569L, -1196546330L, -814671998L, 1070262737L, -984783883L, 
-1714645939L, 1626593346L, -1584076717L, 2107369547L, -1630852002L, 
1982897928L, -1942113314L, 846872582L, -1007711448L, -599353660L, 
-480713486L, -250984591L, 1876967517L, -1652309263L, 1863648532L, 
-1999174839L, -1737605515L, 381094888L, 327641737L, 421308433L, 
-1312466396L, -676621471L, -375213274L, 433882096L, -114660582L, 
339685114L, -534535832L, 1035340525L, 1236027923L, 734783999L, 
2104970942L, -2102651980L, -68859910L, -336831016L, 1663659969L, 
342373447L, -1802829912L, -1377381789L, 100008859L, 604092327L, 
-396874791L, -1152436052L, -500849141L, 497927225L, -1450522159L, 
1142024872L, 1103215229L, -713819953L, 104801672L, -1889870942L, 
1936787556L, 1570708683L, -2032305021L, 1027555775L, -896638159L, 
-577844251L, -1773447130L, 1627015140L, 121122417L, -263184201L, 
-962563702L, 2039708696L, -392556331L, -1834880556L, -221897705L, 
-1667737698L, 674043519L, 2099392277L, -239018684L, 1523727426L, 
-2047700727L, 713455563L, 315196595L, -1601608835L, 1326137307L, 
-1161690506L, -820262314L, 1513388839L, -2123980319L, 1364909376L, 
-326289718L, -1838639758L, 1669459252L, -1580370848L, -1142517780L, 
2041820L, -1668079921L, -1054754663L, 1546745021L, -105666085L, 
-97606684L, -320139428L, 357826936L, -1322782826L, -749167759L, 
1683093070L, -1738263445L, 969940824L, 1458913875L, -1442769826L, 
-482988437L, -925171874L, 375469403L, -1546938402L, 37322050L, 
1430236506L, -1088883830L, -1275247477L, -2054327691L, -297741865L, 
